# Time-averaged data for fix 3
# TimeStep v_strain v_stress_GPa
100 5.05e-05 0.441792
200 0.0001505 0.579145
300 0.0002505 0.540413
400 0.0003505 0.547834
500 0.0004505 0.672538
600 0.0005505 0.622133
700 0.0006505 0.496644
800 0.0007505 0.50701
900 0.0008505 0.336984
1000 0.0009505 0.366517
1100 0.0010505 0.449367
1200 0.0011505 0.356621
1300 0.0012505 0.427788
1400 0.0013505 0.594517
1500 0.0014505 0.675375
1600 0.0015505 0.687544
1700 0.0016505 0.613238
1800 0.0017505 0.52166
1900 0.0018505 0.505294
2000 0.0019505 0.615806
2100 0.0020505 0.47718
2200 0.0021505 0.370654
2300 0.0022505 0.375725
2400 0.0023505 0.469355
2500 0.0024505 0.492308
2600 0.0025505 0.602047
2700 0.0026505 0.660917
2800 0.0027505 0.667846
2900 0.0028505 0.780457
3000 0.0029505 0.685005
3100 0.0030505 0.554162
3200 0.0031505 0.565763
3300 0.0032505 0.51956
3400 0.0033505 0.545247
3500 0.0034505 0.497037
3600 0.0035505 0.472836
3700 0.0036505 0.50165
3800 0.0037505 0.631441
3900 0.0038505 0.672593
4000 0.0039505 0.752805
4100 0.0040505 0.704393
4200 0.0041505 0.667879
4300 0.0042505 0.68209
4400 0.0043505 0.638577
4500 0.0044505 0.579356
4600 0.0045505 0.584836
4700 0.0046505 0.566488
4800 0.0047505 0.606432
4900 0.0048505 0.61442
5000 0.0049505 0.571878
5100 0.0050505 0.604509
5200 0.0051505 0.681786
5300 0.0052505 0.771814
5400 0.0053505 0.751888
5500 0.0054505 0.728406
5600 0.0055505 0.674811
5700 0.0056505 0.617652
5800 0.0057505 0.618988
5900 0.0058505 0.618926
6000 0.0059505 0.64731
6100 0.0060505 0.647986
6200 0.0061505 0.741767
6300 0.0062505 0.687016
6400 0.0063505 0.609095
6500 0.0064505 0.713486
6600 0.0065505 0.761417
6700 0.0066505 0.840348
6800 0.0067505 0.862615
6900 0.0068505 0.752818
7000 0.0069505 0.736266
7100 0.0070505 0.675353
7200 0.0071505 0.6019
7300 0.0072505 0.59068
7400 0.0073505 0.645111
7500 0.0074505 0.750421
7600 0.0075505 0.796981
7700 0.0076505 0.857975
7800 0.0077505 0.768884
7900 0.0078505 0.829964
8000 0.0079505 0.87502
8100 0.0080505 0.773597
8200 0.0081505 0.770796
8300 0.0082505 0.67946
8400 0.0083505 0.603541
8500 0.0084505 0.62951
8600 0.0085505 0.732455
8700 0.0086505 0.723637
8800 0.0087505 0.800699
8900 0.0088505 0.88378
9000 0.0089505 0.935085
9100 0.0090505 0.915647
9200 0.0091505 0.826838
9300 0.0092505 0.713856
9400 0.0093505 0.777169
9500 0.0094505 0.755813
9600 0.0095505 0.596576
9700 0.0096505 0.644363
9800 0.0097505 0.687642
9900 0.0098505 0.841668
10000 0.0099505 0.88777
10100 0.0100505 0.933339
10200 0.0101505 0.936228
10300 0.0102505 0.954165
10400 0.0103505 1.02546
10500 0.0104505 0.827451
10600 0.0105505 0.810687
10700 0.0106505 0.761913
10800 0.0107505 0.772446
10900 0.0108505 0.773904
11000 0.0109505 0.771419
11100 0.0110505 0.7935
11200 0.0111505 0.873779
11300 0.0112505 0.973097
11400 0.0113505 0.969286
11500 0.0114505 0.99131
11600 0.0115505 0.999362
11700 0.0116505 0.950644
11800 0.0117505 0.890728
11900 0.0118505 0.772126
12000 0.0119505 0.772955
12100 0.0120505 0.801032
12200 0.0121505 0.862458
12300 0.0122505 0.896231
12400 0.0123505 0.951895
12500 0.0124505 0.984207
12600 0.0125505 1.11078
12700 0.0126505 1.04537
12800 0.0127505 0.9741
12900 0.0128505 0.885516
13000 0.0129505 0.906726
13100 0.0130505 0.898885
13200 0.0131505 0.842539
13300 0.0132505 0.824319
13400 0.0133505 0.797633
13500 0.0134505 0.919675
13600 0.0135505 0.995349
13700 0.0136505 0.967497
13800 0.0137505 1.02281
13900 0.0138505 1.00385
14000 0.0139505 1.04895
14100 0.0140505 1.01666
14200 0.0141505 0.953353
14300 0.0142505 0.872329
14400 0.0143505 0.903095
14500 0.0144505 0.955972
14600 0.0145505 0.982111
14700 0.0146505 0.914454
14800 0.0147505 0.919241
14900 0.0148505 1.00699
15000 0.0149505 1.08979
15100 0.0150505 1.06945
15200 0.0151505 0.95982
15300 0.0152505 1.04515
15400 0.0153505 1.08784
15500 0.0154505 1.07577
15600 0.0155505 1.02632
15700 0.0156505 0.936288
15800 0.0157505 1.00306
15900 0.0158505 1.04023
16000 0.0159505 0.998974
16100 0.0160505 0.93443
16200 0.0161505 0.987737
16300 0.0162505 1.12473
16400 0.0163505 1.12341
16500 0.0164505 1.14162
16600 0.0165505 1.04425
16700 0.0166505 1.13446
16800 0.0167505 1.13213
16900 0.0168505 1.07551
17000 0.0169505 0.985139
17100 0.0170505 0.951917
17200 0.0171505 0.979142
17300 0.0172505 1.02739
17400 0.0173505 1.1475
17500 0.0174505 1.09945
17600 0.0175505 1.14936
17700 0.0176505 1.1931
17800 0.0177505 1.26997
17900 0.0178505 1.15578
18000 0.0179505 1.12816
18100 0.0180505 1.07576
18200 0.0181505 1.01278
18300 0.0182505 1.00594
18400 0.0183505 0.998283
18500 0.0184505 1.11549
18600 0.0185505 1.20366
18700 0.0186505 1.25751
18800 0.0187505 1.25956
18900 0.0188505 1.24645
19000 0.0189505 1.23825
19100 0.0190505 1.19969
19200 0.0191505 1.16816
19300 0.0192505 1.06494
19400 0.0193505 1.04814
19500 0.0194505 1.14202
19600 0.0195505 1.09855
19700 0.0196505 1.14207
19800 0.0197505 1.21385
19900 0.0198505 1.25548
20000 0.0199505 1.25046
20100 0.0200505 1.32014
20200 0.0201505 1.3348
20300 0.0202505 1.30553
20400 0.0203505 1.19488
20500 0.0204505 1.17955
20600 0.0205505 1.12945
20700 0.0206505 1.16363
20800 0.0207505 1.16209
20900 0.0208505 1.27885
21000 0.0209505 1.29386
21100 0.0210505 1.32198
21200 0.0211505 1.38781
21300 0.0212505 1.36846
21400 0.0213505 1.32837
21500 0.0214505 1.32484
21600 0.0215505 1.24146
21700 0.0216505 1.23516
21800 0.0217505 1.18789
21900 0.0218505 1.19512
22000 0.0219505 1.30307
22100 0.0220505 1.32595
22200 0.0221505 1.40905
22300 0.0222505 1.29506
22400 0.0223505 1.3611
22500 0.0224505 1.25758
22600 0.0225505 1.29122
22700 0.0226505 1.35617
22800 0.0227505 1.39497
22900 0.0228505 1.36347
23000 0.0229505 1.39333
23100 0.0230505 1.345
23200 0.0231505 1.32033
23300 0.0232505 1.33952
23400 0.0233505 1.36193
23500 0.0234505 1.36423
23600 0.0235505 1.36989
23700 0.0236505 1.37553
23800 0.0237505 1.35153
23900 0.0238505 1.37325
24000 0.0239505 1.4035
24100 0.0240505 1.44159
24200 0.0241505 1.42712
24300 0.0242505 1.45066
24400 0.0243505 1.38591
24500 0.0244505 1.33872
24600 0.0245505 1.32756
24700 0.0246505 1.30732
24800 0.0247505 1.28537
24900 0.0248505 1.37609
25000 0.0249505 1.41794
25100 0.0250505 1.49515
25200 0.0251505 1.55398
25300 0.0252505 1.47648
25400 0.0253505 1.45217
25500 0.0254505 1.45754
25600 0.0255505 1.41017
25700 0.0256505 1.32912
25800 0.0257505 1.36177
25900 0.0258505 1.42815
26000 0.0259505 1.41587
26100 0.0260505 1.44116
26200 0.0261505 1.46167
26300 0.0262505 1.54546
26400 0.0263505 1.60165
26500 0.0264505 1.60827
26600 0.0265505 1.54016
26700 0.0266505 1.5514
26800 0.0267505 1.48548
26900 0.0268505 1.44361
27000 0.0269505 1.37832
27100 0.0270505 1.43062
27200 0.0271505 1.4435
27300 0.0272505 1.53788
27400 0.0273505 1.55944
27500 0.0274505 1.58132
27600 0.0275505 1.62567
27700 0.0276505 1.70895
27800 0.0277505 1.69779
27900 0.0278505 1.57631
28000 0.0279505 1.49304
28100 0.0280505 1.40326
28200 0.0281505 1.42867
28300 0.0282505 1.45161
28400 0.0283505 1.49441
28500 0.0284505 1.59096
28600 0.0285505 1.60667
28700 0.0286505 1.63492
28800 0.0287505 1.69685
28900 0.0288505 1.66364
29000 0.0289505 1.62769
29100 0.0290505 1.60495
29200 0.0291505 1.59028
29300 0.0292505 1.51681
29400 0.0293505 1.51653
29500 0.0294505 1.51524
29600 0.0295505 1.54562
29700 0.0296505 1.53771
29800 0.0297505 1.63055
29900 0.0298505 1.73673
30000 0.0299505 1.73734
30100 0.0300505 1.75774
30200 0.0301505 1.79602
30300 0.0302505 1.6519
30400 0.0303505 1.66806
30500 0.0304505 1.63299
30600 0.0305505 1.58585
30700 0.0306505 1.54281
30800 0.0307505 1.6243
30900 0.0308505 1.65293
31000 0.0309505 1.66951
31100 0.0310505 1.76645
31200 0.0311505 1.80989
31300 0.0312505 1.79436
31400 0.0313505 1.77622
31500 0.0314505 1.73516
31600 0.0315505 1.70086
31700 0.0316505 1.6895
31800 0.0317505 1.59739
31900 0.0318505 1.6336
32000 0.0319505 1.65293
32100 0.0320505 1.68065
32200 0.0321505 1.76863
32300 0.0322505 1.76455
32400 0.0323505 1.77183
32500 0.0324505 1.83123
32600 0.0325505 1.82741
32700 0.0326505 1.80842
32800 0.0327505 1.78603
32900 0.0328505 1.75604
33000 0.0329505 1.75804
33100 0.0330505 1.74648
33200 0.0331505 1.70004
33300 0.0332505 1.71541
33400 0.0333505 1.75616
33500 0.0334505 1.81958
33600 0.0335505 1.73841
33700 0.0336505 1.84351
33800 0.0337505 1.85744
33900 0.0338505 1.92432
34000 0.0339505 1.89751
34100 0.0340505 1.86497
34200 0.0341505 1.73406
34300 0.0342505 1.6701
34400 0.0343505 1.75541
34500 0.0344505 1.77357
34600 0.0345505 1.78793
34700 0.0346505 1.81488
34800 0.0347505 1.93335
34900 0.0348505 1.93824
35000 0.0349505 2.03138
35100 0.0350505 1.95085
35200 0.0351505 1.98108
35300 0.0352505 1.9882
35400 0.0353505 1.87037
35500 0.0354505 1.79616
35600 0.0355505 1.7794
35700 0.0356505 1.78431
35800 0.0357505 1.78052
35900 0.0358505 1.89495
36000 0.0359505 1.88694
36100 0.0360505 1.9284
36200 0.0361505 2.0665
36300 0.0362505 2.02576
36400 0.0363505 2.03223
36500 0.0364505 2.02294
36600 0.0365505 1.92549
36700 0.0366505 1.84317
36800 0.0367505 1.86076
36900 0.0368505 1.85324
37000 0.0369505 1.88283
37100 0.0370505 1.91366
37200 0.0371505 2.0214
37300 0.0372505 2.09446
37400 0.0373505 2.17686
37500 0.0374505 2.1128
37600 0.0375505 2.05316
37700 0.0376505 2.04616
37800 0.0377505 1.93375
37900 0.0378505 1.91667
38000 0.0379505 1.92057
38100 0.0380505 1.96744
38200 0.0381505 1.93353
38300 0.0382505 1.9897
38400 0.0383505 2.04105
38500 0.0384505 2.06016
38600 0.0385505 2.13568
38700 0.0386505 2.10854
38800 0.0387505 2.02392
38900 0.0388505 2.00783
39000 0.0389505 2.0211
39100 0.0390505 1.99312
39200 0.0391505 1.97913
39300 0.0392505 1.99953
39400 0.0393505 2.00378
39500 0.0394505 2.01569
39600 0.0395505 2.04057
39700 0.0396505 2.06888
39800 0.0397505 2.12155
39900 0.0398505 2.12352
40000 0.0399505 2.14513
40100 0.0400505 2.1339
40200 0.0401505 2.03669
40300 0.0402505 2.04869
40400 0.0403505 2.02771
40500 0.0404505 2.03741
40600 0.0405505 2.05291
40700 0.0406505 2.1323
40800 0.0407505 2.10102
40900 0.0408505 2.11378
41000 0.0409505 2.15701
41100 0.0410505 2.2271
41200 0.0411505 2.23967
41300 0.0412505 2.26376
41400 0.0413505 2.21952
41500 0.0414505 2.12291
41600 0.0415505 2.09403
41700 0.0416505 2.10675
41800 0.0417505 2.11621
41900 0.0418505 2.15334
42000 0.0419505 2.1564
42100 0.0420505 2.22001
42200 0.0421505 2.25472
42300 0.0422505 2.30319
42400 0.0423505 2.30389
42500 0.0424505 2.33039
42600 0.0425505 2.24346
42700 0.0426505 2.15019
42800 0.0427505 2.16458
42900 0.0428505 2.17446
43000 0.0429505 2.22862
43100 0.0430505 2.21393
43200 0.0431505 2.19506
43300 0.0432505 2.28566
43400 0.0433505 2.29588
43500 0.0434505 2.32416
43600 0.0435505 2.39151
43700 0.0436505 2.37137
43800 0.0437505 2.33132
43900 0.0438505 2.34809
44000 0.0439505 2.20714
44100 0.0440505 2.22773
44200 0.0441505 2.16785
44300 0.0442505 2.21743
44400 0.0443505 2.26999
44500 0.0444505 2.29786
44600 0.0445505 2.3015
44700 0.0446505 2.35431
44800 0.0447505 2.42408
44900 0.0448505 2.4235
45000 0.0449505 2.38865
45100 0.0450505 2.35898
45200 0.0451505 2.27881
45300 0.0452505 2.27354
45400 0.0453505 2.30375
45500 0.0454505 2.29326
45600 0.0455505 2.29755
45700 0.0456505 2.33668
45800 0.0457505 2.29634
45900 0.0458505 2.39919
46000 0.0459505 2.46534
46100 0.0460505 2.52013
46200 0.0461505 2.45927
46300 0.0462505 2.40052
46400 0.0463505 2.3073
46500 0.0464505 2.33088
46600 0.0465505 2.39158
46700 0.0466505 2.39162
46800 0.0467505 2.40148
46900 0.0468505 2.41167
47000 0.0469505 2.44053
47100 0.0470505 2.45788
47200 0.0471505 2.40146
47300 0.0472505 2.4881
47400 0.0473505 2.55985
47500 0.0474505 2.47144
47600 0.0475505 2.42205
47700 0.0476505 2.37159
47800 0.0477505 2.33488
47900 0.0478505 2.41912
48000 0.0479505 2.47463
48100 0.0480505 2.50544
48200 0.0481505 2.46885
48300 0.0482505 2.55867
48400 0.0483505 2.57134
48500 0.0484505 2.53722
48600 0.0485505 2.53526
48700 0.0486505 2.5847
48800 0.0487505 2.60907
48900 0.0488505 2.47762
49000 0.0489505 2.55499
49100 0.0490505 2.49493
49200 0.0491505 2.52585
49300 0.0492505 2.55632
49400 0.0493505 2.55259
49500 0.0494505 2.59896
49600 0.0495505 2.70905
49700 0.0496505 2.64382
49800 0.0497505 2.6239
49900 0.0498505 2.54762
50000 0.0499505 2.51353
50100 0.0500505 2.54559
50200 0.0501505 2.62739
50300 0.0502505 2.66605
50400 0.0503505 2.59469
50500 0.0504505 2.61557
50600 0.0505505 2.59973
50700 0.0506505 2.5712
50800 0.0507505 2.56273
50900 0.0508505 2.65563
51000 0.0509505 2.77107
51100 0.0510505 2.71481
51200 0.0511505 2.71715
51300 0.0512505 2.69538
51400 0.0513505 2.63235
51500 0.0514505 2.62067
51600 0.0515505 2.61541
51700 0.0516505 2.57564
51800 0.0517505 2.56191
51900 0.0518505 2.61558
52000 0.0519505 2.619
52100 0.0520505 2.73564
52200 0.0521505 2.78642
52300 0.0522505 2.83391
52400 0.0523505 2.84776
52500 0.0524505 2.78622
52600 0.0525505 2.6776
52700 0.0526505 2.60425
52800 0.0527505 2.6111
52900 0.0528505 2.63645
53000 0.0529505 2.67276
53100 0.0530505 2.73743
53200 0.0531505 2.78893
53300 0.0532505 2.81549
53400 0.0533505 2.89255
53500 0.0534505 2.88298
53600 0.0535505 2.85625
53700 0.0536505 2.80416
53800 0.0537505 2.71937
53900 0.0538505 2.64634
54000 0.0539505 2.58188
54100 0.0540505 2.62851
54200 0.0541505 2.73893
54300 0.0542505 2.85548
54400 0.0543505 2.91533
54500 0.0544505 2.84323
54600 0.0545505 2.88615
54700 0.0546505 2.86822
54800 0.0547505 2.81717
54900 0.0548505 2.82064
55000 0.0549505 2.73052
55100 0.0550505 2.66543
55200 0.0551505 2.764
55300 0.0552505 2.80051
55400 0.0553505 2.76013
55500 0.0554505 2.93103
55600 0.0555505 2.97761
55700 0.0556505 2.9482
55800 0.0557505 2.97289
55900 0.0558505 2.90711
56000 0.0559505 2.88689
56100 0.0560505 2.87573
56200 0.0561505 2.89325
56300 0.0562505 2.89643
56400 0.0563505 2.87952
56500 0.0564505 2.91208
56600 0.0565505 2.89216
56700 0.0566505 2.89465
56800 0.0567505 2.95374
56900 0.0568505 3.0173
57000 0.0569505 3.04113
57100 0.0570505 2.95496
57200 0.0571505 2.93214
57300 0.0572505 2.96153
57400 0.0573505 2.95978
57500 0.0574505 3.06476
57600 0.0575505 2.95696
57700 0.0576505 2.93975
57800 0.0577505 2.97762
57900 0.0578505 2.99183
58000 0.0579505 2.95588
58100 0.0580505 2.92712
58200 0.0581505 3.02903
58300 0.0582505 3.03321
58400 0.0583505 3.06358
58500 0.0584505 3.09335
58600 0.0585505 3.06007
58700 0.0586505 3.09381
58800 0.0587505 3.08798
58900 0.0588505 2.99697
59000 0.0589505 3.01454
59100 0.0590505 3.08324
59200 0.0591505 2.98049
59300 0.0592505 2.99301
59400 0.0593505 2.98843
59500 0.0594505 3.03961
59600 0.0595505 3.2543
59700 0.0596505 3.25136
59800 0.0597505 3.16692
59900 0.0598505 3.17982
60000 0.0599505 3.15421
60100 0.0600505 3.05682
60200 0.0601505 3.00496
60300 0.0602505 2.96681
60400 0.0603505 2.9942
60500 0.0604505 3.09131
60600 0.0605505 3.16658
60700 0.0606505 3.15554
60800 0.0607505 3.20909
60900 0.0608505 3.32759
61000 0.0609505 3.2632
61100 0.0610505 3.18131
61200 0.0611505 3.01728
61300 0.0612505 3.10184
61400 0.0613505 3.12457
61500 0.0614505 3.10097
61600 0.0615505 3.08145
61700 0.0616505 3.01784
61800 0.0617505 3.11351
61900 0.0618505 3.20708
62000 0.0619505 3.27661
62100 0.0620505 3.2942
62200 0.0621505 3.31766
62300 0.0622505 3.30918
62400 0.0623505 3.23313
62500 0.0624505 3.1972
62600 0.0625505 3.12692
62700 0.0626505 3.12151
62800 0.0627505 3.17183
62900 0.0628505 3.20786
63000 0.0629505 3.20655
63100 0.0630505 3.27847
63200 0.0631505 3.41009
63300 0.0632505 3.3328
63400 0.0633505 3.34723
63500 0.0634505 3.24372
63600 0.0635505 3.30038
63700 0.0636505 3.18292
63800 0.0637505 3.18217
63900 0.0638505 3.23145
64000 0.0639505 3.29778
64100 0.0640505 3.35283
64200 0.0641505 3.31055
64300 0.0642505 3.29703
64400 0.0643505 3.3581
64500 0.0644505 3.40076
64600 0.0645505 3.32817
64700 0.0646505 3.27465
64800 0.0647505 3.333
64900 0.0648505 3.40438
65000 0.0649505 3.39202
65100 0.0650505 3.36892
65200 0.0651505 3.38357
65300 0.0652505 3.38447
65400 0.0653505 3.36435
65500 0.0654505 3.36994
65600 0.0655505 3.3745
65700 0.0656505 3.37784
65800 0.0657505 3.48127
65900 0.0658505 3.50512
66000 0.0659505 3.47184
66100 0.0660505 3.33302
66200 0.0661505 3.32042
66300 0.0662505 3.35191
66400 0.0663505 3.39181
66500 0.0664505 3.34973
66600 0.0665505 3.48867
66700 0.0666505 3.46803
66800 0.0667505 3.5417
66900 0.0668505 3.45227
67000 0.0669505 3.48422
67100 0.0670505 3.50358
67200 0.0671505 3.4963
67300 0.0672505 3.42265
67400 0.0673505 3.3662
67500 0.0674505 3.42985
67600 0.0675505 3.44197
67700 0.0676505 3.47231
67800 0.0677505 3.44841
67900 0.0678505 3.55438
68000 0.0679505 3.54214
68100 0.0680505 3.50916
68200 0.0681505 3.5885
68300 0.0682505 3.57687
68400 0.0683505 3.52247
68500 0.0684505 3.54386
68600 0.0685505 3.49418
68700 0.0686505 3.45927
68800 0.0687505 3.54227
68900 0.0688505 3.52081
69000 0.0689505 3.61811
69100 0.0690505 3.57786
69200 0.0691505 3.58661
69300 0.0692505 3.60612
69400 0.0693505 3.50568
69500 0.0694505 3.48846
69600 0.0695505 3.52457
69700 0.0696505 3.5723
69800 0.0697505 3.61202
69900 0.0698505 3.683
70000 0.0699505 3.59029
70100 0.0700505 3.57177
70200 0.0701505 3.53792
70300 0.0702505 3.6141
70400 0.0703505 3.60897
70500 0.0704505 3.70987
70600 0.0705505 3.69402
70700 0.0706505 3.68101
70800 0.0707505 3.64988
70900 0.0708505 3.60819
71000 0.0709505 3.6113
71100 0.0710505 3.67026
71200 0.0711505 3.67036
71300 0.0712505 3.62997
71400 0.0713505 3.68994
71500 0.0714505 3.72769
71600 0.0715505 3.71406
71700 0.0716505 3.80019
71800 0.0717505 3.73043
71900 0.0718505 3.64983
72000 0.0719505 3.66076
72100 0.0720505 3.73017
72200 0.0721505 3.68503
72300 0.0722505 3.79421
72400 0.0723505 3.78037
72500 0.0724505 3.7329
72600 0.0725505 3.75296
72700 0.0726505 3.70789
72800 0.0727505 3.66683
72900 0.0728505 3.70215
73000 0.0729505 3.73864
73100 0.0730505 3.76453
73200 0.0731505 3.81098
73300 0.0732505 3.82664
73400 0.0733505 3.77559
73500 0.0734505 3.8058
73600 0.0735505 3.78784
73700 0.0736505 3.73824
73800 0.0737505 3.78059
73900 0.0738505 3.73285
74000 0.0739505 3.76467
74100 0.0740505 3.77037
74200 0.0741505 3.8367
74300 0.0742505 3.91706
74400 0.0743505 3.92141
74500 0.0744505 3.9348
74600 0.0745505 3.84786
74700 0.0746505 3.76626
74800 0.0747505 3.82938
74900 0.0748505 3.87888
75000 0.0749505 3.91785
75100 0.0750505 3.88426
75200 0.0751505 3.88319
75300 0.0752505 3.95724
75400 0.0753505 3.85087
75500 0.0754505 3.85212
75600 0.0755505 3.88821
75700 0.0756505 3.96244
75800 0.0757505 3.93686
75900 0.0758505 3.85125
76000 0.0759505 3.91088
76100 0.0760505 3.93709
76200 0.0761505 3.93559
76300 0.0762505 3.8943
76400 0.0763505 3.83588
76500 0.0764505 3.93123
76600 0.0765505 3.97517
76700 0.0766505 3.99145
76800 0.0767505 3.96631
76900 0.0768505 3.96352
77000 0.0769505 4.05446
77100 0.0770505 4.03994
77200 0.0771505 3.96889
77300 0.0772505 3.83714
77400 0.0773505 3.93678
77500 0.0774505 4.05715
77600 0.0775505 4.00976
77700 0.0776505 3.98987
77800 0.0777505 4.04454
77900 0.0778505 4.09171
78000 0.0779505 4.135
78100 0.0780505 4.09225
78200 0.0781505 4.01009
78300 0.0782505 4.042
78400 0.0783505 4.08696
78500 0.0784505 4.02639
78600 0.0785505 3.98904
78700 0.0786505 3.99577
78800 0.0787505 4.12239
78900 0.0788505 4.12012
79000 0.0789505 4.09026
79100 0.0790505 4.05201
79200 0.0791505 4.03631
79300 0.0792505 4.06289
79400 0.0793505 4.06109
79500 0.0794505 4.01908
79600 0.0795505 4.0376
79700 0.0796505 4.1008
79800 0.0797505 4.14608
79900 0.0798505 4.12454
80000 0.0799505 4.18695
80100 0.0800505 4.14135
80200 0.0801505 4.19832
80300 0.0802505 4.15904
80400 0.0803505 4.03927
80500 0.0804505 4.10847
80600 0.0805505 4.17415
80700 0.0806505 4.14433
80800 0.0807505 4.09145
80900 0.0808505 4.1625
81000 0.0809505 4.13994
81100 0.0810505 4.20526
81200 0.0811505 4.16895
81300 0.0812505 4.10434
81400 0.0813505 4.14759
81500 0.0814505 4.19848
81600 0.0815505 4.14013
81700 0.0816505 4.18172
81800 0.0817505 4.18081
81900 0.0818505 4.30859
82000 0.0819505 4.31973
82100 0.0820505 4.27805
82200 0.0821505 4.28887
82300 0.0822505 4.18874
82400 0.0823505 4.22641
82500 0.0824505 4.22119
82600 0.0825505 4.16116
82700 0.0826505 4.24804
82800 0.0827505 4.26408
82900 0.0828505 4.21414
83000 0.0829505 4.19338
83100 0.0830505 4.24025
83200 0.0831505 4.30211
83300 0.0832505 4.26774
83400 0.0833505 4.36234
83500 0.0834505 4.34005
83600 0.0835505 4.33294
83700 0.0836505 4.36362
83800 0.0837505 4.16759
83900 0.0838505 4.13149
84000 0.0839505 4.24472
84100 0.0840505 4.24059
84200 0.0841505 4.29404
84300 0.0842505 4.30291
84400 0.0843505 4.28547
84500 0.0844505 4.3188
84600 0.0845505 4.41455
84700 0.0846505 4.35889
84800 0.0847505 4.37929
84900 0.0848505 4.32583
85000 0.0849505 4.20404
85100 0.0850505 4.21222
85200 0.0851505 4.28864
85300 0.0852505 4.35765
85400 0.0853505 4.46003
85500 0.0854505 4.51768
85600 0.0855505 4.46054
85700 0.0856505 4.4597
85800 0.0857505 4.32743
85900 0.0858505 4.34478
86000 0.0859505 4.36377
86100 0.0860505 4.39634
86200 0.0861505 4.32295
86300 0.0862505 4.32663
86400 0.0863505 4.32882
86500 0.0864505 4.33184
86600 0.0865505 4.41024
86700 0.0866505 4.4521
86800 0.0867505 4.51656
86900 0.0868505 4.55353
87000 0.0869505 4.45736
87100 0.0870505 4.46316
87200 0.0871505 4.39597
87300 0.0872505 4.40082
87400 0.0873505 4.48854
87500 0.0874505 4.51811
87600 0.0875505 4.45501
87700 0.0876505 4.48691
87800 0.0877505 4.46355
87900 0.0878505 4.44303
88000 0.0879505 4.53054
88100 0.0880505 4.59417
88200 0.0881505 4.49667
88300 0.0882505 4.54259
88400 0.0883505 4.46172
88500 0.0884505 4.39394
88600 0.0885505 4.40231
88700 0.0886505 4.47786
88800 0.0887505 4.64685
88900 0.0888505 4.67843
89000 0.0889505 4.66312
89100 0.0890505 4.68655
89200 0.0891505 4.65359
89300 0.0892505 4.58303
89400 0.0893505 4.56653
89500 0.0894505 4.57509
89600 0.0895505 4.58816
89700 0.0896505 4.57515
89800 0.0897505 4.6044
89900 0.0898505 4.59566
90000 0.0899505 4.70354
90100 0.0900505 4.65323
90200 0.0901505 4.63066
90300 0.0902505 4.59822
90400 0.0903505 4.65804
90500 0.0904505 4.64113
90600 0.0905505 4.53246
90700 0.0906505 4.48709
90800 0.0907505 4.60025
90900 0.0908505 4.70553
91000 0.0909505 4.71665
91100 0.0910505 4.68164
91200 0.0911505 4.6345
91300 0.0912505 4.69711
91400 0.0913505 4.7553
91500 0.0914505 4.70265
91600 0.0915505 4.6356
91700 0.0916505 4.59185
91800 0.0917505 4.56324
91900 0.0918505 4.58797
92000 0.0919505 4.63513
92100 0.0920505 4.73686
92200 0.0921505 4.69733
92300 0.0922505 4.71513
92400 0.0923505 4.67128
92500 0.0924505 4.63466
92600 0.0925505 4.72485
92700 0.0926505 4.68987
92800 0.0927505 4.59846
92900 0.0928505 4.59884
93000 0.0929505 4.64321
93100 0.0930505 4.65397
93200 0.0931505 4.62943
93300 0.0932505 4.59911
93400 0.0933505 4.58335
93500 0.0934505 4.6861
93600 0.0935505 4.65809
93700 0.0936505 4.56362
93800 0.0937505 4.58735
93900 0.0938505 4.65644
94000 0.0939505 4.66915
94100 0.0940505 4.62757
94200 0.0941505 4.5616
94300 0.0942505 4.58757
94400 0.0943505 4.60722
94500 0.0944505 4.57832
94600 0.0945505 4.56985
94700 0.0946505 4.54609
94800 0.0947505 4.60443
94900 0.0948505 4.66642
95000 0.0949505 4.58372
95100 0.0950505 4.48019
95200 0.0951505 4.53845
95300 0.0952505 4.61969
95400 0.0953505 4.51333
95500 0.0954505 4.36469
95600 0.0955505 4.3921
95700 0.0956505 4.55098
95800 0.0957505 4.55585
95900 0.0958505 4.3819
96000 0.0959505 4.30599
96100 0.0960505 4.24799
96200 0.0961505 4.18835
96300 0.0962505 4.04446
96400 0.0963505 4.01254
96500 0.0964505 4.05882
96600 0.0965505 4.12921
96700 0.0966505 4.05131
96800 0.0967505 3.95868
96900 0.0968505 3.94271
97000 0.0969505 3.98776
97100 0.0970505 3.92896
97200 0.0971505 3.90889
97300 0.0972505 3.85259
97400 0.0973505 3.88106
97500 0.0974505 3.81332
97600 0.0975505 3.70838
97700 0.0976505 3.61425
97800 0.0977505 3.70816
97900 0.0978505 3.78937
98000 0.0979505 3.86519
98100 0.0980505 3.73466
98200 0.0981505 3.66337
98300 0.0982505 3.69909
98400 0.0983505 3.66729
98500 0.0984505 3.5429
98600 0.0985505 3.47027
98700 0.0986505 3.57707
98800 0.0987505 3.44083
98900 0.0988505 3.43712
99000 0.0989505 3.30196
99100 0.0990505 3.29883
99200 0.0991505 3.36768
99300 0.0992505 3.3851
99400 0.0993505 3.09423
99500 0.0994505 2.99377
99600 0.0995505 2.93191
99700 0.0996505 2.9626
99800 0.0997505 2.95061
99900 0.0998505 2.8988
100000 0.0999505 2.89816
100100 0.10005 2.89504
100200 0.100151 2.77572
100300 0.100251 2.59134
100400 0.100351 2.47201
100500 0.100451 2.27747
100600 0.100551 2.17042
100700 0.10065 2.03348
100800 0.10075 1.8942
100900 0.100851 1.78965
101000 0.10095 1.67966
101100 0.101051 1.5262
101200 0.101151 1.55307
101300 0.10125 1.53744
101400 0.101351 1.6038
101500 0.10145 1.7642
101600 0.10155 1.74722
101700 0.101651 1.8021
101800 0.101751 1.87057
101900 0.101851 1.80529
102000 0.10195 1.64876
102100 0.102051 1.62318
102200 0.10215 1.52811
102300 0.102251 1.55815
102400 0.10235 1.54807
102500 0.10245 1.66347
102600 0.102551 1.77562
102700 0.10265 1.9404
102800 0.102751 2.06196
102900 0.10285 2.07766
103000 0.102951 2.04108
103100 0.10305 1.93635
103200 0.103151 1.8624
103300 0.103251 1.86283
103400 0.10335 1.81654
103500 0.103451 1.72229
103600 0.10355 1.8581
103700 0.103651 1.98221
103800 0.10375 2.10611
103900 0.10385 2.103
104000 0.103951 2.18971
104100 0.10405 2.14975
104200 0.10415 2.19513
104300 0.10425 2.187
104400 0.10435 2.04265
104500 0.104451 1.92716
104600 0.104551 1.90107
104700 0.104651 1.99285
104800 0.10475 2.009
104900 0.104851 2.12218
105000 0.10495 2.19217
105100 0.105051 2.37565
105200 0.105151 2.33553
105300 0.10525 2.20191
105400 0.105351 2.10188
105500 0.10545 2.08726
105600 0.105551 2.03521
105700 0.10565 2.09701
105800 0.10575 2.11417
105900 0.105851 2.15375
106000 0.10595 2.20959
106100 0.106051 2.19681
106200 0.10615 2.1784
106300 0.10625 2.25359
106400 0.10635 2.25097
106500 0.10645 2.2786
106600 0.106551 2.28869
106700 0.10665 2.18525
106800 0.106751 2.29252
106900 0.10685 2.26187
107000 0.10695 2.24084
107100 0.107051 2.30243
107200 0.107151 2.34856
107300 0.107251 2.41768
107400 0.10735 2.47052
107500 0.107451 2.46969
107600 0.10755 2.38358
107700 0.107651 2.43951
107800 0.107751 2.46218
107900 0.107851 2.41697
108000 0.107951 2.33611
108100 0.10805 2.33134
108200 0.108151 2.36055
108300 0.108251 2.37154
108400 0.108351 2.35211
108500 0.10845 2.45888
108600 0.10855 2.49488
108700 0.108651 2.49323
108800 0.10875 2.60512
108900 0.108851 2.54463
109000 0.10895 2.44384
109100 0.10905 2.52991
109200 0.109151 2.54093
109300 0.10925 2.42403
109400 0.109351 2.36689
109500 0.10945 2.3943
109600 0.10955 2.3648
109700 0.109651 2.43528
109800 0.109751 2.49747
109900 0.109851 2.53639
110000 0.10995 2.60964
110100 0.110051 2.64547
110200 0.11015 2.65685
110300 0.110251 2.59431
110400 0.110351 2.56469
110500 0.110451 2.59915
110600 0.110551 2.54761
110700 0.11065 2.46205
110800 0.110751 2.43864
110900 0.11085 2.42489
111000 0.110951 2.44686
111100 0.11105 2.52703
111200 0.11115 2.57926
111300 0.111251 2.66797
111400 0.11135 2.75584
111500 0.11145 2.67401
111600 0.11155 2.62611
111700 0.111651 2.55139
111800 0.111751 2.55672
111900 0.111851 2.53689
112000 0.111951 2.53261
112100 0.11205 2.57671
112200 0.112151 2.66079
112300 0.11225 2.73652
112400 0.112351 2.75133
112500 0.112451 2.71615
112600 0.11255 2.69776
112700 0.112651 2.58724
112800 0.11275 2.55486
112900 0.112851 2.56518
113000 0.11295 2.62224
113100 0.11305 2.48984
113200 0.113151 2.53866
113300 0.11325 2.7037
113400 0.113351 2.75643
113500 0.11345 2.77781
113600 0.113551 2.79785
113700 0.11365 2.73173
113800 0.113751 2.76052
113900 0.113851 2.6846
114000 0.11395 2.5998
114100 0.114051 2.60991
114200 0.11415 2.64929
114300 0.114251 2.68726
114400 0.114351 2.75157
114500 0.11445 2.71447
114600 0.114551 2.68352
114700 0.11465 2.78148
114800 0.114751 2.73623
114900 0.11485 2.69762
115000 0.114951 2.79645
115100 0.115051 2.82358
115200 0.11515 2.84816
115300 0.115251 2.84557
115400 0.11535 2.8261
115500 0.11545 2.77651
115600 0.11555 2.72625
115700 0.115651 2.75142
115800 0.115751 2.70396
115900 0.11585 2.7596
116000 0.115951 2.86371
116100 0.11605 2.82338
116200 0.116151 2.82068
116300 0.11625 2.89326
116400 0.116351 2.90616
116500 0.116451 2.90827
116600 0.11655 2.8425
116700 0.116651 2.84538
116800 0.11675 2.88836
116900 0.116851 2.85942
117000 0.11695 2.75628
117100 0.117051 2.73803
117200 0.117151 2.81705
117300 0.11725 2.93537
117400 0.117351 2.97079
117500 0.11745 2.91084
117600 0.117551 2.83035
117700 0.117651 2.96211
117800 0.117751 2.94113
117900 0.117851 2.925
118000 0.11795 2.87327
118100 0.118051 2.81615
118200 0.11815 2.86822
118300 0.118251 2.89883
118400 0.11835 2.88858
118500 0.11845 2.93018
118600 0.118551 2.98292
118700 0.11865 2.98866
118800 0.118751 2.96473
118900 0.11885 2.94345
119000 0.118951 2.98399
119100 0.119051 3.00835
119200 0.119151 2.95408
119300 0.119251 2.83608
119400 0.11935 2.8413
119500 0.119451 2.83693
119600 0.11955 2.86406
119700 0.119651 3.04275
119800 0.119751 3.13928
119900 0.11985 3.07774
120000 0.119951 3.05579
120100 0.12005 2.94828
120200 0.120151 2.88422
120300 0.12025 2.92623
120400 0.120351 2.98429
120500 0.120451 2.95528
120600 0.12055 2.99843
120700 0.120651 2.97449
120800 0.12075 2.99719
120900 0.120851 3.0183
121000 0.12095 2.99439
121100 0.12105 3.05695
121200 0.121151 3.13445
121300 0.12125 3.13252
121400 0.121351 3.07089
121500 0.12145 3.07557
121600 0.121551 3.07062
121700 0.121651 3.07349
121800 0.121751 3.02246
121900 0.121851 3.01449
122000 0.12195 3.11288
122100 0.122051 3.09715
122200 0.12215 3.06868
122300 0.122251 3.04379
122400 0.122351 3.06817
122500 0.12245 3.12813
122600 0.122551 3.18095
122700 0.12265 3.13141
122800 0.122751 3.1981
122900 0.12285 3.15427
123000 0.122951 3.13729
123100 0.123051 3.14818
123200 0.12315 3.13659
123300 0.123251 3.09202
123400 0.12335 3.1048
123500 0.123451 3.16306
123600 0.12355 3.21429
123700 0.12365 3.18618
123800 0.123751 3.14669
123900 0.12385 3.26856
124000 0.123951 3.18631
124100 0.12405 3.17233
124200 0.124151 3.12973
124300 0.12425 3.12273
124400 0.124351 3.17707
124500 0.124451 3.21366
124600 0.12455 3.31701
124700 0.124651 3.34455
124800 0.12475 3.26118
124900 0.124851 3.26861
125000 0.124951 3.26628
125100 0.12505 3.25554
125200 0.125151 3.27352
125300 0.12525 3.27453
125400 0.125351 3.12709
125500 0.12545 3.24849
125600 0.125551 3.33085
125700 0.12565 3.29555
125800 0.12575 3.3532
125900 0.125851 3.33668
126000 0.12595 3.34909
126100 0.126051 3.33155
126200 0.12615 3.29404
126300 0.126251 3.21933
126400 0.126351 3.27986
126500 0.126451 3.26741
126600 0.126551 3.26232
126700 0.12665 3.28685
126800 0.126751 3.32394
126900 0.12685 3.48609
127000 0.12695 3.46739
127100 0.127051 3.39726
127200 0.12715 3.31639
127300 0.127251 3.30542
127400 0.12735 3.30062
127500 0.127451 3.25877
127600 0.12755 3.18774
127700 0.127651 3.24961
127800 0.127751 3.43268
127900 0.12785 3.38871
128000 0.127951 3.36479
128100 0.12805 3.38934
128200 0.128151 3.43163
128300 0.12825 3.51725
128400 0.128351 3.47228
128500 0.128451 3.37262
128600 0.12855 3.40145
128700 0.128651 3.36415
128800 0.12875 3.35237
128900 0.128851 3.37365
129000 0.12895 3.32836
129100 0.129051 3.5065
129200 0.129151 3.56752
129300 0.12925 3.46073
129400 0.129351 3.38988
129500 0.12945 3.50653
129600 0.129551 3.48319
129700 0.12965 3.51885
129800 0.12975 3.40188
129900 0.129851 3.40508
130000 0.12995 3.48832
130100 0.130051 3.45745
130200 0.13015 3.42275
130300 0.13025 3.45498
130400 0.13035 3.57596
130500 0.13045 3.51245
130600 0.130551 3.5274
130700 0.13065 3.50496
130800 0.130751 3.50748
130900 0.13085 3.52541
131000 0.13095 3.51881
131100 0.131051 3.52569
131200 0.131151 3.49852
131300 0.131251 3.53755
131400 0.13135 3.46648
131500 0.131451 3.49622
131600 0.131551 3.55989
131700 0.13165 3.56233
131800 0.131751 3.62305
131900 0.13185 3.64245
132000 0.131951 3.62327
132100 0.13205 3.66725
132200 0.132151 3.56316
132300 0.13225 3.52342
132400 0.132351 3.59817
132500 0.132451 3.53765
132600 0.13255 3.54288
132700 0.132651 3.63236
132800 0.13275 3.62962
132900 0.132851 3.6827
133000 0.13295 3.66576
133100 0.13305 3.61853
133200 0.133151 3.62291
133300 0.13325 3.63956
133400 0.133351 3.57335
133500 0.13345 3.55487
133600 0.13355 3.54736
133700 0.133651 3.57485
133800 0.13375 3.55195
133900 0.133851 3.58541
134000 0.13395 3.57572
134100 0.134051 3.60253
134200 0.134151 3.69324
134300 0.13425 3.67517
134400 0.13435 3.61541
134500 0.134451 3.64034
134600 0.134551 3.59416
134700 0.13465 3.54222
134800 0.134751 3.61709
134900 0.13485 3.66327
135000 0.134951 3.72897
135100 0.135051 3.73769
135200 0.13515 3.71425
135300 0.135251 3.77918
135400 0.13535 3.81817
135500 0.135451 3.78537
135600 0.13555 3.71188
135700 0.135651 3.69525
135800 0.135751 3.72105
135900 0.13585 3.80949
136000 0.135951 3.82187
136100 0.13605 3.81233
136200 0.136151 3.74643
136300 0.13625 3.68452
136400 0.136351 3.69013
136500 0.136451 3.76592
136600 0.13655 3.77779
136700 0.136651 3.763
136800 0.13675 3.7925
136900 0.136851 3.80363
137000 0.13695 3.84401
137100 0.13705 3.83502
137200 0.137151 3.87707
137300 0.13725 3.85001
137400 0.137351 3.85799
137500 0.13745 3.87032
137600 0.137551 3.76804
137700 0.13765 3.82632
137800 0.13775 3.71158
137900 0.137851 3.73159
138000 0.13795 3.86677
138100 0.138051 3.84849
138200 0.13815 3.7832
138300 0.13825 3.86066
138400 0.138351 3.84409
138500 0.13845 3.79807
138600 0.138551 3.88518
138700 0.13865 3.87016
138800 0.138751 3.83337
138900 0.13885 3.79149
139000 0.138951 3.86642
139100 0.139051 3.95865
139200 0.13915 3.95656
139300 0.139251 3.87316
139400 0.13935 4.00488
139500 0.139451 4.00295
139600 0.13955 3.97389
139700 0.139651 3.85806
139800 0.139751 3.82328
139900 0.13985 3.83722
140000 0.139951 3.84909
140100 0.14005 3.90437
140200 0.140151 3.8802
140300 0.14025 3.91566
140400 0.14035 3.95993
140500 0.140451 3.86803
140600 0.14055 3.8316
140700 0.140651 3.8453
140800 0.14075 3.8685
140900 0.140851 3.81425
141000 0.14095 3.81228
141100 0.14105 3.88366
141200 0.141151 3.9549
141300 0.14125 3.94091
141400 0.141351 3.88665
141500 0.14145 3.9257
141600 0.141551 3.936
141700 0.141651 4.09596
141800 0.141751 3.97359
141900 0.141851 3.91829
142000 0.14195 3.98822
142100 0.142051 3.98007
142200 0.14215 3.94049
142300 0.142251 3.96655
142400 0.142351 3.96693
142500 0.14245 3.98711
142600 0.142551 4.02007
142700 0.14265 3.94982
142800 0.142751 3.93625
142900 0.14285 3.97864
143000 0.142951 3.99388
143100 0.143051 3.97845
143200 0.14315 3.93063
143300 0.143251 3.92271
143400 0.14335 4.00263
143500 0.143451 3.97697
143600 0.14355 3.9227
143700 0.14365 3.9791
143800 0.143751 4.03961
143900 0.14385 4.01692
144000 0.143951 3.99377
144100 0.14405 4.04973
144200 0.144151 4.11582
144300 0.14425 4.0539
144400 0.14435 4.04034
144500 0.144451 4.04337
144600 0.14455 4.063
144700 0.144651 4.03951
144800 0.14475 4.11684
144900 0.14485 4.07337
145000 0.144951 4.05528
145100 0.14505 4.12642
145200 0.145151 4.07693
145300 0.14525 4.08016
145400 0.145351 4.05839
145500 0.145451 4.1018
145600 0.145551 4.18364
145700 0.145651 4.10619
145800 0.145751 4.07301
145900 0.145851 4.08475
146000 0.14595 4.0525
146100 0.146051 4.01239
146200 0.14615 3.97783
146300 0.14625 4.05167
146400 0.14635 4.01581
146500 0.146451 3.97926
146600 0.146551 3.98191
146700 0.14665 4.07549
146800 0.146751 4.08223
146900 0.14685 4.04023
147000 0.14695 4.00693
147100 0.147051 3.98614
147200 0.147151 3.91736
147300 0.147251 3.79628
147400 0.14735 3.82951
147500 0.147451 3.84074
147600 0.14755 3.76256
147700 0.14765 3.75911
147800 0.147751 3.75355
147900 0.14785 3.80341
148000 0.147951 3.82837
148100 0.14805 3.85978
148200 0.148151 3.79903
148300 0.14825 3.70835
148400 0.14835 3.71146
148500 0.148451 3.63681
148600 0.14855 3.54234
148700 0.148651 3.54133
148800 0.14875 3.60278
148900 0.148851 3.61286
149000 0.148951 3.6576
149100 0.149051 3.6595
149200 0.149151 3.56236
149300 0.14925 3.54185
149400 0.149351 3.55331
149500 0.14945 3.57353
149600 0.149551 3.63128
149700 0.149651 3.62162
149800 0.149751 3.60278
149900 0.149851 3.52874
150000 0.14995 3.51471
150100 0.150051 3.51224
150200 0.15015 3.62743
150300 0.150251 3.54549
150400 0.15035 3.5216
150500 0.15045 3.51612
150600 0.150551 3.49167
150700 0.15065 3.45075
150800 0.150751 3.48997
150900 0.15085 3.47614
151000 0.150951 3.49436
151100 0.151051 3.49217
151200 0.15115 3.44888
151300 0.151251 3.4054
151400 0.15135 3.44208
151500 0.151451 3.46443
151600 0.15155 3.51116
151700 0.15165 3.46334
151800 0.151751 3.43893
151900 0.15185 3.48688
152000 0.151951 3.57944
152100 0.15205 3.5894
152200 0.152151 3.57404
152300 0.15225 3.56728
152400 0.15235 3.49716
152500 0.152451 3.58579
152600 0.15255 3.56377
152700 0.152651 3.54016
152800 0.15275 3.54924
152900 0.152851 3.50234
153000 0.152951 3.494
153100 0.15305 3.44655
153200 0.153151 3.44395
153300 0.15325 3.49953
153400 0.153351 3.45762
153500 0.15345 3.3864
153600 0.153551 3.38067
153700 0.15365 3.43664
153800 0.15375 3.40838
153900 0.153851 3.33701
154000 0.15395 3.37258
154100 0.154051 3.40662
154200 0.15415 3.49875
154300 0.154251 3.39865
154400 0.154351 3.41373
154500 0.15445 3.364
154600 0.154551 3.38166
154700 0.15465 3.43028
154800 0.154751 3.30444
154900 0.154851 3.26062
155000 0.15495 3.24934
155100 0.155051 3.27326
155200 0.15515 3.39103
155300 0.155251 3.46913
155400 0.15535 3.4404
155500 0.155451 3.49377
155600 0.155551 3.48528
155700 0.15565 3.44189
155800 0.155751 3.47314
155900 0.15585 3.47957
156000 0.155951 3.45393
156100 0.15605 3.47051
156200 0.156151 3.39004
156300 0.15625 3.43377
156400 0.156351 3.56372
156500 0.156451 3.57127
156600 0.15655 3.55534
156700 0.156651 3.57272
156800 0.15675 3.52385
156900 0.156851 3.52615
157000 0.15695 3.48412
157100 0.157051 3.44604
157200 0.157151 3.40831
157300 0.15725 3.42621
157400 0.157351 3.46238
157500 0.15745 3.55658
157600 0.157551 3.58699
157700 0.157651 3.62433
157800 0.157751 3.71186
157900 0.157851 3.65762
158000 0.15795 3.60556
158100 0.158051 3.57925
158200 0.15815 3.62606
158300 0.158251 3.62883
158400 0.158351 3.61904
158500 0.15845 3.46796
158600 0.158551 3.47591
158700 0.15865 3.59543
158800 0.158751 3.62556
158900 0.15885 3.66834
159000 0.158951 3.69674
159100 0.159051 3.63809
159200 0.15915 3.6113
159300 0.159251 3.51234
159400 0.15935 3.51962
159500 0.159451 3.62857
159600 0.15955 3.66229
159700 0.159651 3.74133
159800 0.159751 3.74187
159900 0.15985 3.73223
160000 0.159951 3.6914
160100 0.16005 3.67542
160200 0.160151 3.6343
160300 0.160251 3.64203
160400 0.16035 3.64825
160500 0.160451 3.67977
160600 0.16055 3.72588
160700 0.160651 3.71999
160800 0.16075 3.75575
160900 0.160851 3.66936
161000 0.16095 3.61356
161100 0.161051 3.59005
161200 0.161151 3.64964
161300 0.16125 3.70239
161400 0.161351 3.68873
161500 0.16145 3.66641
161600 0.161551 3.74455
161700 0.161651 3.76331
161800 0.16175 3.68653
161900 0.161851 3.72797
162000 0.16195 3.67531
162100 0.16205 3.68582
162200 0.16215 3.71949
162300 0.162251 3.63631
162400 0.162351 3.72537
162500 0.16245 3.76844
162600 0.162551 3.85904
162700 0.16265 3.72513
162800 0.162751 3.71789
162900 0.162851 3.65109
163000 0.16295 3.67985
163100 0.163051 3.57764
163200 0.16315 3.60155
163300 0.163251 3.60182
163400 0.16335 3.58494
163500 0.163451 3.7
163600 0.16355 3.68979
163700 0.163651 3.74101
163800 0.163751 3.80641
163900 0.163851 3.76036
164000 0.163951 3.72695
164100 0.16405 3.65932
164200 0.164151 3.65707
164300 0.16425 3.61328
164400 0.16435 3.56048
164500 0.164451 3.59124
164600 0.16455 3.75635
164700 0.164651 3.72428
164800 0.16475 3.62317
164900 0.164851 3.52507
165000 0.164951 3.49681
165100 0.165051 3.52756
165200 0.165151 3.4675
165300 0.16525 3.37474
165400 0.165351 3.38012
165500 0.16545 3.37726
165600 0.165551 3.3043
165700 0.165651 3.2264
165800 0.16575 3.25721
165900 0.165851 3.26575
166000 0.16595 3.18688
166100 0.166051 3.10426
166200 0.166151 2.98415
166300 0.166251 3.02302
166400 0.16635 3.14553
166500 0.166451 3.02238
166600 0.166551 2.99974
166700 0.16665 3.05332
166800 0.166751 2.9949
166900 0.16685 3.08981
167000 0.16695 3.01494
167100 0.16705 3.03963
167200 0.167151 2.99797
167300 0.167251 2.89897
167400 0.16735 2.86999
167500 0.167451 3.02095
167600 0.167551 2.99047
167700 0.16765 3.01445
167800 0.167751 2.9628
167900 0.16785 2.94054
168000 0.167951 3.07992
168100 0.16805 3.09558
168200 0.16815 3.07231
168300 0.16825 3.11842
168400 0.168351 3.08142
168500 0.168451 3.01032
168600 0.16855 2.96655
168700 0.168651 2.94972
168800 0.16875 3.01221
168900 0.168851 3.13942
169000 0.16895 3.17341
169100 0.16905 3.19041
169200 0.169151 3.22106
169300 0.16925 3.27946
169400 0.169351 3.2793
169500 0.16945 3.22247
169600 0.16955 3.2185
169700 0.169651 3.10956
169800 0.16975 3.03837
169900 0.169851 3.06739
170000 0.169951 3.07247
170100 0.170051 3.17477
170200 0.170151 3.2962
170300 0.170251 3.27039
170400 0.170351 3.34312
170500 0.17045 3.24301
170600 0.170551 3.09777
170700 0.17065 3.11105
170800 0.17075 3.13876
170900 0.17085 3.18205
171000 0.170951 3.21257
171100 0.171051 3.1786
171200 0.171151 3.19061
171300 0.171251 3.29754
171400 0.17135 3.26628
171500 0.171451 3.25378
171600 0.17155 3.27877
171700 0.171651 3.28545
171800 0.171751 3.29311
171900 0.17185 3.1671
172000 0.171951 3.16136
172100 0.17205 3.27
172200 0.172151 3.33327
172300 0.172251 3.36071
172400 0.172351 3.41151
172500 0.172451 3.38393
172600 0.17255 3.37086
172700 0.172651 3.30636
172800 0.172751 3.27376
172900 0.172851 3.30767
173000 0.172951 3.3289
173100 0.17305 3.34824
173200 0.173151 3.36303
173300 0.17325 3.48419
173400 0.173351 3.52571
173500 0.173451 3.42369
173600 0.173551 3.4332
173700 0.173651 3.44469
173800 0.173751 3.35473
173900 0.173851 3.33829
174000 0.17395 3.2805
174100 0.174051 3.27705
174200 0.17415 3.25968
174300 0.17425 3.16321
174400 0.17435 3.24284
174500 0.17445 3.3788
174600 0.174551 3.45149
174700 0.17465 3.46301
174800 0.174751 3.41942
174900 0.174851 3.36828
175000 0.174951 3.42282
175100 0.175051 3.42868
175200 0.175151 3.32208
175300 0.175251 3.33624
175400 0.17535 3.42023
175500 0.175451 3.4513
175600 0.17555 3.39922
175700 0.17565 3.53052
175800 0.175751 3.72126
175900 0.17585 3.74921
176000 0.175951 3.66878
176100 0.176051 3.66735
176200 0.176151 3.59862
176300 0.176251 3.53824
176400 0.17635 3.55297
176500 0.176451 3.55317
176600 0.17655 3.58354
176700 0.176651 3.61087
176800 0.17675 3.60101
176900 0.17685 3.61949
177000 0.17695 3.55907
177100 0.17705 3.49656
177200 0.177151 3.49315
177300 0.17725 3.52649
177400 0.177351 3.50516
177500 0.17745 3.50247
177600 0.177551 3.55673
177700 0.177651 3.61624
177800 0.177751 3.63964
177900 0.177851 3.66402
178000 0.17795 3.59872
178100 0.178051 3.59844
178200 0.17815 3.57446
178300 0.178251 3.49667
178400 0.178351 3.5358
178500 0.17845 3.59576
178600 0.178551 3.62346
178700 0.17865 3.60461
178800 0.178751 3.58388
178900 0.17885 3.63908
179000 0.17895 3.70905
179100 0.179051 3.80251
179200 0.17915 3.83282
179300 0.179251 3.84534
179400 0.17935 3.74368
179500 0.17945 3.68454
179600 0.179551 3.74419
179700 0.17965 3.81739
179800 0.179751 3.81328
179900 0.17985 3.76954
180000 0.179951 3.81549
180100 0.18005 3.79223
180200 0.180151 3.7827
180300 0.180251 3.75715
180400 0.180351 3.78183
180500 0.180451 3.82868
180600 0.18055 3.80599
180700 0.180651 3.71906
180800 0.18075 3.68393
180900 0.180851 3.67705
181000 0.180951 3.59188
181100 0.181051 3.61122
181200 0.181151 3.70616
181300 0.18125 3.71521
181400 0.181351 3.79189
181500 0.18145 3.78777
181600 0.181551 3.78398
181700 0.181651 3.81347
181800 0.18175 3.80439
181900 0.18185 3.73749
182000 0.18195 3.72182
182100 0.182051 3.76016
182200 0.182151 3.76228
182300 0.182251 3.78474
182400 0.182351 3.84997
182500 0.18245 3.92857
182600 0.182551 3.96607
182700 0.18265 3.93403
182800 0.182751 3.89206
182900 0.18285 3.89496
183000 0.182951 3.85682
183100 0.183051 3.79861
183200 0.18315 3.82837
183300 0.183251 3.86517
183400 0.18335 3.97411
183500 0.183451 3.95118
183600 0.18355 4.006
183700 0.183651 4.02916
183800 0.183751 3.99568
183900 0.183851 3.99574
184000 0.183951 3.90638
184100 0.184051 3.89105
184200 0.18415 3.8561
184300 0.18425 3.92022
184400 0.184351 3.95851
184500 0.18445 3.98144
184600 0.18455 3.94213
184700 0.18465 4.07658
184800 0.18475 4.13262
184900 0.184851 4.09072
185000 0.184951 4.00243
185100 0.185051 3.99046
185200 0.185151 3.96054
185300 0.18525 3.96838
185400 0.185351 3.91932
185500 0.18545 3.94882
185600 0.18555 3.96333
185700 0.18565 3.86615
185800 0.185751 3.77521
185900 0.185851 3.74665
186000 0.18595 3.70668
186100 0.186051 3.75569
186200 0.18615 3.76334
186300 0.186251 3.76898
186400 0.186351 3.76738
186500 0.186451 3.77731
186600 0.186551 3.78731
186700 0.18665 3.72313
186800 0.186751 3.79787
186900 0.18685 3.74567
187000 0.186951 3.66583
187100 0.187051 3.63807
187200 0.18715 3.6194
187300 0.187251 3.59447
187400 0.187351 3.62571
187500 0.18745 3.52489
187600 0.187551 3.55853
187700 0.18765 3.58026
187800 0.187751 3.49517
187900 0.18785 3.53037
188000 0.18795 3.54927
188100 0.18805 3.60147
188200 0.188151 3.63282
188300 0.18825 3.48618
188400 0.188351 3.54589
188500 0.188451 3.58339
188600 0.18855 3.51216
188700 0.188651 3.46636
188800 0.18875 3.4423
188900 0.188851 3.47635
189000 0.18895 3.49103
189100 0.189051 3.46345
189200 0.189151 3.51037
189300 0.18925 3.52196
189400 0.189351 3.48555
189500 0.18945 3.44159
189600 0.189551 3.45973
189700 0.18965 3.52099
189800 0.18975 3.52531
189900 0.189851 3.50767
190000 0.18995 3.68555
190100 0.190051 3.71944
190200 0.190151 3.7612
190300 0.19025 3.74369
190400 0.19035 3.66614
190500 0.19045 3.64805
190600 0.19055 3.63318
190700 0.19065 3.55388
190800 0.190751 3.62882
190900 0.19085 3.68989
191000 0.190951 3.60348
191100 0.191051 3.57067
191200 0.19115 3.66465
191300 0.191251 3.67522
191400 0.191351 3.68005
191500 0.191451 3.68721
191600 0.19155 3.63998
191700 0.191651 3.71594
191800 0.191751 3.64921
191900 0.19185 3.70195
192000 0.191951 3.61694
192100 0.19205 3.67326
192200 0.192151 3.71352
192300 0.19225 3.71421
192400 0.192351 3.6708
192500 0.192451 3.64113
192600 0.19255 3.68467
192700 0.192651 3.70863
192800 0.19275 3.68179
192900 0.192851 3.64862
193000 0.19295 3.67816
193100 0.193051 3.69473
193200 0.193151 3.77935
193300 0.19325 3.80212
193400 0.19335 3.80075
193500 0.19345 3.83161
193600 0.19355 3.80499
193700 0.193651 3.77541
193800 0.19375 3.80784
193900 0.193851 3.79581
194000 0.19395 3.72909
194100 0.194051 3.7645
194200 0.19415 3.86311
194300 0.194251 3.8725
194400 0.194351 3.90355
194500 0.194451 3.95374
194600 0.194551 3.92171
194700 0.19465 3.91277
194800 0.194751 3.90307
194900 0.19485 3.85355
195000 0.194951 3.84107
195100 0.195051 3.83022
195200 0.195151 3.83551
195300 0.19525 3.82202
195400 0.19535 3.81469
195500 0.195451 3.82044
195600 0.19555 3.9056
195700 0.195651 3.96433
195800 0.195751 3.92236
195900 0.19585 3.87004
196000 0.195951 3.88255
196100 0.196051 3.90922
196200 0.196151 3.8738
196300 0.19625 3.78104
196400 0.19635 3.73505
196500 0.19645 3.71122
196600 0.19655 3.80636
196700 0.196651 3.86793
196800 0.19675 3.93312
196900 0.196851 3.92151
197000 0.19695 3.93521
197100 0.19705 3.94279
197200 0.197151 3.95834
197300 0.19725 3.88456
197400 0.197351 4.01007
197500 0.197451 3.94318
197600 0.197551 3.93616
197700 0.197651 3.95757
197800 0.197751 4.12746
197900 0.197851 4.23864
198000 0.197951 4.26989
198100 0.198051 4.18326
198200 0.19815 4.15454
198300 0.19825 4.10623
198400 0.19835 4.10957
198500 0.198451 4.0721
198600 0.198551 4.07909
198700 0.198651 4.08059
198800 0.19875 4.04743
198900 0.19885 4.04441
199000 0.198951 4.16669
199100 0.199051 4.17883
199200 0.199151 4.19398
199300 0.199251 4.20625
199400 0.19935 4.15578
199500 0.199451 4.12902
199600 0.19955 4.14151
199700 0.199651 4.10983
199800 0.199751 4.08677
199900 0.19985 4.10272
200000 0.199951 4.07612
