# Time-averaged data for fix msd_out
# TimeStep c_msd_all[4]
50000 1.58927e-35
50100 0.184501
50200 0.389922
50300 0.578102
50400 0.768479
50500 0.96009
50600 1.1706
50700 1.36498
50800 1.56087
50900 1.75677
51000 1.97409
51100 2.14418
51200 2.35287
51300 2.57416
51400 2.80009
51500 2.97669
51600 3.17831
51700 3.3998
51800 3.58552
51900 3.80141
52000 4.03005
52100 4.25478
52200 4.4635
52300 4.69968
52400 4.87997
52500 5.03711
52600 5.26924
52700 5.4251
52800 5.64144
52900 5.80727
53000 6.00536
53100 6.25744
53200 6.48369
53300 6.67954
53400 6.94215
53500 7.09647
53600 7.26685
53700 7.4028
53800 7.56002
53900 7.77699
54000 7.94628
54100 8.16026
54200 8.40315
54300 8.60167
54400 8.71007
54500 8.85373
54600 9.02078
54700 9.23402
54800 9.4409
54900 9.61402
55000 9.71034
55100 9.83888
55200 10.0359
55300 10.1778
55400 10.421
55500 10.6332
55600 10.7884
55700 10.9807
55800 11.1568
55900 11.3764
56000 11.5034
56100 11.6928
56200 11.8728
56300 12.0749
56400 12.2566
56500 12.4805
56600 12.7185
56700 12.8225
56800 12.9989
56900 13.1272
57000 13.2478
57100 13.3888
57200 13.5901
57300 13.7845
57400 13.955
57500 14.1488
57600 14.3284
57700 14.424
57800 14.541
57900 14.593
58000 14.7459
58100 15.0324
58200 15.1446
58300 15.3807
58400 15.4988
58500 15.7543
58600 15.9285
58700 16.1422
58800 16.3481
58900 16.5542
59000 16.7709
59100 17.0454
59200 17.2933
59300 17.553
59400 17.7686
59500 17.9657
59600 18.2548
59700 18.4269
59800 18.5989
59900 18.7782
60000 18.9917
60100 19.2098
60200 19.3803
60300 19.6015
60400 19.8238
60500 20.0579
60600 20.2603
60700 20.4637
60800 20.6695
60900 20.8275
61000 21.04
61100 21.2537
61200 21.5089
61300 21.7904
61400 22.067
61500 22.2968
61600 22.5264
61700 22.7611
61800 22.9902
61900 23.0751
62000 23.2493
62100 23.4722
62200 23.6972
62300 23.983
62400 24.0881
62500 24.2384
62600 24.4727
62700 24.652
62800 24.8015
62900 24.9214
63000 25.2247
63100 25.4408
63200 25.6037
63300 25.8399
63400 25.9449
63500 26.0981
63600 26.2994
63700 26.4561
63800 26.6689
63900 26.8268
64000 27.0153
64100 27.254
64200 27.4502
64300 27.6885
64400 27.7672
64500 27.9828
64600 28.1264
64700 28.3514
64800 28.4433
64900 28.6675
65000 28.8325
65100 29.0366
65200 29.3363
65300 29.5656
65400 29.7839
65500 30.0137
65600 30.2392
65700 30.2839
65800 30.4114
65900 30.6562
66000 30.9026
66100 31.1151
66200 31.2555
66300 31.4867
66400 31.6987
66500 31.9233
66600 32.1047
66700 32.3582
66800 32.5325
66900 32.7279
67000 32.8781
67100 33.0735
67200 33.1562
67300 33.3555
67400 33.5233
67500 33.7817
67600 33.9362
67700 34.1359
67800 34.3063
67900 34.4332
68000 34.5118
68100 34.7178
68200 34.9434
68300 35.2043
68400 35.3091
68500 35.4903
68600 35.6843
68700 35.86
68800 36.0805
68900 36.194
69000 36.4113
69100 36.6796
69200 36.8604
69300 37.1569
69400 37.3737
69500 37.5447
69600 37.768
69700 37.9118
69800 38.0829
69900 38.2104
70000 38.4119
70100 38.6334
70200 38.8612
70300 39.0583
70400 39.2667
70500 39.4588
70600 39.7042
70700 39.9398
70800 40.0541
70900 40.3027
71000 40.3863
71100 40.588
71200 40.8072
71300 41.0257
71400 41.2285
71500 41.4638
71600 41.5234
71700 41.6475
71800 41.7651
71900 41.8456
72000 42.0332
72100 42.2154
72200 42.4374
72300 42.6163
72400 42.7609
72500 43.0066
72600 43.0957
72700 43.3103
72800 43.5497
72900 43.8151
73000 44.0753
73100 44.3289
73200 44.4614
73300 44.6822
73400 44.9197
73500 44.9903
73600 45.2895
73700 45.506
73800 45.6436
73900 45.7528
74000 45.9341
74100 46.2434
74200 46.3707
74300 46.638
74400 46.8998
74500 47.0329
74600 47.2425
74700 47.5117
74800 47.8179
74900 48.1299
75000 48.3619
75100 48.6246
75200 48.8301
75300 49.0571
75400 49.3625
75500 49.662
75600 49.8466
75700 50.014
75800 50.186
75900 50.4458
76000 50.6641
76100 50.8812
76200 51.1779
76300 51.4357
76400 51.6176
76500 51.8445
76600 52.0513
76700 52.2935
76800 52.5792
76900 52.8011
77000 53.0541
77100 53.2558
77200 53.4167
77300 53.5714
77400 53.8158
77500 54.082
77600 54.2419
77700 54.4483
77800 54.7235
77900 54.8347
78000 54.9402
78100 54.9783
78200 55.1977
78300 55.375
78400 55.5076
78500 55.5007
78600 55.7041
78700 55.8342
78800 56.1283
78900 56.3154
79000 56.6759
79100 56.8924
79200 57.1446
79300 57.3757
79400 57.4394
79500 57.6119
79600 57.7628
79700 58.0293
79800 58.1857
79900 58.4066
80000 58.6551
80100 58.7635
80200 58.9686
80300 59.0591
80400 59.2041
80500 59.4179
80600 59.5094
80700 59.7242
80800 59.8407
80900 59.9587
81000 60.3101
81100 60.5802
81200 60.9705
81300 61.1546
81400 61.332
81500 61.4666
81600 61.5144
81700 61.7077
81800 61.8084
81900 62.1369
82000 62.2223
82100 62.4224
82200 62.5632
82300 62.7024
82400 62.909
82500 63.0412
82600 63.3284
82700 63.561
82800 63.8357
82900 63.9338
83000 64.0071
83100 64.3092
83200 64.4738
83300 64.5477
83400 64.84
83500 64.9784
83600 65.0982
83700 65.2288
83800 65.3597
83900 65.7082
84000 65.7355
84100 65.9619
84200 66.2827
84300 66.5223
84400 66.7604
84500 66.9728
84600 67.3302
84700 67.549
84800 67.8108
84900 68.0693
85000 68.2299
85100 68.4981
85200 68.6805
85300 68.7253
85400 68.9558
85500 69.2044
85600 69.2688
85700 69.3782
85800 69.4887
85900 69.682
86000 69.9771
86100 70.2136
86200 70.4561
86300 70.6919
86400 70.8936
86500 70.9936
86600 71.2441
86700 71.3126
86800 71.4933
86900 71.5011
87000 71.744
87100 71.9067
87200 72.1192
87300 72.2875
87400 72.6068
87500 72.8701
87600 73.2219
87700 73.6394
87800 73.895
87900 74.1275
88000 74.3411
88100 74.6218
88200 74.7094
88300 74.9061
88400 75.0203
88500 75.2966
88600 75.5571
88700 75.8374
88800 75.9768
88900 76.0702
89000 76.3095
89100 76.6275
89200 76.9394
89300 77.0953
89400 77.1498
89500 77.3326
89600 77.4462
89700 77.6322
89800 77.9151
89900 78.1213
90000 78.2733
90100 78.4239
90200 78.7574
90300 78.9395
90400 79.0506
90500 79.3114
90600 79.6393
90700 79.9452
90800 80.2818
90900 80.5656
91000 80.6947
91100 80.9438
91200 80.996
91300 81.1494
91400 81.3253
91500 81.5425
91600 81.7945
91700 81.9892
91800 82.113
91900 82.2321
92000 82.5524
92100 82.8165
92200 83.0264
92300 83.3562
92400 83.6128
92500 83.661
92600 83.8912
92700 84.011
92800 84.1478
92900 84.1895
93000 84.3832
93100 84.7527
93200 84.8027
93300 85.0765
93400 85.1101
93500 85.249
93600 85.4701
93700 85.7066
93800 85.8893
93900 86.0729
94000 86.1872
94100 86.3393
94200 86.4473
94300 86.7805
94400 86.8902
94500 86.9665
94600 87.209
94700 87.267
94800 87.6023
94900 87.7974
95000 87.931
95100 88.2735
95200 88.4288
95300 88.661
95400 88.7001
95500 88.7054
95600 88.7985
95700 88.9846
95800 89.145
95900 89.4194
96000 89.5941
96100 89.7117
96200 89.9086
96300 90.0523
96400 90.3517
96500 90.4431
96600 90.7018
96700 90.8168
96800 90.8389
96900 90.9946
97000 91.1174
97100 91.2497
97200 91.3002
97300 91.3512
97400 91.3513
97500 91.7022
97600 91.7878
97700 91.905
97800 92.0589
97900 92.1
98000 92.2879
98100 92.7811
98200 93.0111
98300 93.2485
98400 93.5535
98500 93.9939
98600 94.1877
98700 94.365
98800 94.5263
98900 94.562
99000 94.7018
99100 94.7563
99200 95.1302
99300 95.3367
99400 95.4147
99500 95.5832
99600 95.8052
99700 96.1179
99800 96.3768
99900 96.6597
100000 96.8959
100100 97.1821
100200 97.3258
100300 97.3912
100400 97.3854
100500 97.3625
100600 97.4118
100700 97.4442
100800 97.5411
100900 97.78
101000 98.0063
101100 98.3273
101200 98.7259
101300 99.0316
101400 99.1012
101500 99.3406
101600 99.5758
101700 99.715
101800 99.8688
101900 99.8865
102000 100.07
102100 100.378
102200 100.731
102300 100.859
102400 101.162
102500 101.442
102600 101.44
102700 101.493
102800 101.916
102900 102.109
103000 102.235
103100 102.44
103200 102.788
103300 103.193
103400 103.496
103500 103.842
103600 104.245
103700 104.248
103800 104.372
103900 104.549
104000 104.673
104100 105.053
104200 105.324
104300 105.283
104400 105.367
104500 105.401
104600 105.323
104700 105.534
104800 105.569
104900 105.871
105000 105.985
105100 106.18
105200 106.538
105300 106.89
105400 107.051
105500 107.094
105600 107.452
105700 107.604
105800 107.599
105900 107.963
106000 108.122
106100 108.294
106200 108.541
106300 108.897
106400 109.037
106500 109.406
106600 109.681
106700 110.006
106800 110.208
106900 110.433
107000 110.757
107100 111.211
107200 111.553
107300 111.837
107400 111.967
107500 112.152
107600 112.472
107700 112.728
107800 112.996
107900 113.375
108000 113.503
108100 113.838
108200 113.865
108300 114.147
108400 114.603
108500 114.935
108600 115.414
108700 115.635
108800 115.771
108900 115.89
109000 115.955
109100 116.297
109200 116.294
109300 116.6
109400 116.753
109500 117.032
109600 117.24
109700 117.351
109800 117.638
109900 117.908
110000 118.112
110100 118.556
110200 118.732
110300 118.944
110400 119.401
110500 119.527
110600 119.635
110700 119.809
110800 119.788
110900 119.837
111000 120.06
111100 120.262
111200 120.537
111300 120.597
111400 120.744
111500 120.876
111600 121.053
111700 121.123
111800 121.247
111900 121.413
112000 121.657
112100 121.675
112200 121.801
112300 121.984
112400 122.197
112500 122.127
112600 122.503
112700 122.634
112800 122.703
112900 122.9
113000 123.16
113100 123.373
113200 123.672
113300 124.027
113400 124.2
113500 124.493
113600 124.947
113700 125.179
113800 125.436
113900 125.465
114000 125.456
114100 125.507
114200 125.88
114300 125.893
114400 125.947
114500 126.124
114600 126.264
114700 126.357
114800 126.653
114900 126.81
115000 126.955
115100 127.225
115200 127.642
115300 128.014
115400 128.46
115500 128.548
115600 128.515
115700 128.719
115800 128.802
115900 128.853
116000 128.928
116100 129.137
116200 129.323
116300 129.467
116400 129.703
116500 129.987
116600 130.224
116700 130.324
116800 130.561
116900 130.766
117000 130.948
117100 131.003
117200 131.345
117300 131.683
117400 131.908
117500 132.069
117600 132.381
117700 132.537
117800 132.869
117900 133.105
118000 133.267
118100 133.411
118200 133.63
118300 133.713
118400 134.089
118500 134.213
118600 134.326
118700 134.545
118800 134.734
118900 134.969
119000 135.29
119100 135.492
119200 135.531
119300 135.718
119400 135.922
119500 136.068
119600 136.3
119700 136.383
119800 136.704
119900 136.82
120000 137.122
120100 137.585
120200 137.793
120300 137.934
120400 138.157
120500 138.589
120600 138.822
120700 138.981
120800 139.061
120900 139.124
121000 139.563
121100 139.6
121200 139.989
121300 140.211
121400 140.506
121500 140.351
121600 140.473
121700 140.827
121800 141.077
121900 141.087
122000 141.395
122100 141.527
122200 141.578
122300 141.618
122400 142.065
122500 142.1
122600 142.204
122700 142.363
122800 142.44
122900 142.891
123000 142.841
123100 143.227
123200 143.367
123300 143.525
123400 143.634
123500 143.725
123600 143.859
123700 144.034
123800 144.138
123900 144.344
124000 144.563
124100 144.666
124200 144.792
124300 144.958
124400 145.085
124500 145.296
124600 145.633
124700 145.827
124800 146.007
124900 146.102
125000 146.42
125100 146.604
125200 146.931
125300 147.232
125400 147.398
125500 147.46
125600 147.621
125700 147.852
125800 148.139
125900 148.259
126000 148.375
126100 148.502
126200 148.477
126300 148.583
126400 148.772
126500 149.164
126600 149.466
126700 149.359
126800 149.567
126900 149.923
127000 150.113
127100 150.333
127200 150.334
127300 150.563
127400 150.957
127500 151.36
127600 151.505
127700 151.967
127800 152.042
127900 152.027
128000 152.205
128100 152.161
128200 152.385
128300 152.344
128400 152.614
128500 152.688
128600 152.945
128700 153.158
128800 153.259
128900 153.421
129000 153.866
129100 154.379
129200 154.888
129300 154.778
129400 154.93
129500 155.011
129600 155.4
129700 155.359
129800 155.375
129900 155.545
130000 155.878
130100 155.97
130200 156.339
130300 156.62
130400 156.656
130500 156.917
130600 157.237
130700 157.425
130800 157.633
130900 157.717
131000 158.14
131100 158.328
131200 158.48
131300 158.603
131400 158.812
131500 158.767
131600 159.163
131700 159.399
131800 159.669
131900 159.991
132000 160.136
132100 160.324
132200 160.613
132300 160.624
132400 160.881
132500 160.999
132600 161.166
132700 161.397
132800 161.725
132900 162.138
133000 162.55
133100 162.755
133200 162.891
133300 163.174
133400 163.475
133500 163.803
133600 163.802
133700 164.227
133800 164.475
133900 164.712
134000 165.05
134100 165.324
134200 165.361
134300 165.364
134400 165.551
134500 165.748
134600 166.06
134700 166.373
134800 166.456
134900 166.465
135000 166.69
135100 166.859
135200 167.104
135300 167.406
135400 167.695
135500 168.018
135600 168.249
135700 168.59
135800 168.848
135900 168.96
136000 169.195
136100 169.351
136200 169.42
136300 169.572
136400 169.88
136500 169.966
136600 170.314
136700 170.682
136800 170.933
136900 171.103
137000 171.355
137100 171.334
137200 171.539
137300 172.015
137400 172.098
137500 172.515
137600 172.506
137700 172.787
137800 172.991
137900 173.239
138000 173.235
138100 173.495
138200 173.462
138300 173.783
138400 173.791
138500 174.125
138600 174.504
138700 174.829
138800 175.232
138900 175.402
139000 175.425
139100 175.632
139200 176.07
139300 176.406
139400 176.586
139500 176.928
139600 177.359
139700 177.38
139800 177.564
139900 177.916
140000 178.366
140100 178.424
140200 178.329
140300 178.904
140400 179.088
140500 179.13
140600 179.459
140700 179.432
140800 179.571
140900 179.702
141000 179.994
141100 179.906
141200 180.308
141300 180.505
141400 180.695
141500 181.079
141600 181.473
141700 181.635
141800 181.891
141900 182.19
142000 182.453
142100 182.389
142200 182.531
142300 182.717
142400 182.968
142500 182.97
142600 183.34
142700 183.421
142800 183.603
142900 183.723
143000 183.781
143100 184.139
143200 184.345
143300 184.481
143400 184.742
143500 184.74
143600 184.849
143700 184.926
143800 185.331
143900 185.534
144000 185.891
144100 185.877
144200 186.129
144300 186.187
144400 186.195
144500 186.193
144600 186.102
144700 186.083
144800 186.41
144900 186.565
145000 186.897
145100 187.057
145200 187.076
145300 187.164
145400 187.646
145500 187.75
145600 188.023
145700 188.31
145800 188.393
145900 188.729
146000 189.098
146100 189.394
146200 189.495
146300 189.346
146400 189.531
146500 189.882
146600 189.998
146700 189.919
146800 190.181
146900 190.728
147000 190.935
147100 191.031
147200 191.013
147300 191.277
147400 191.37
147500 191.311
147600 191.507
147700 191.862
147800 192.226
147900 192.437
148000 192.427
148100 192.768
148200 192.966
148300 192.961
148400 193.195
148500 193.543
148600 194.015
148700 194.211
148800 194.17
148900 194.52
149000 194.755
149100 194.956
149200 195.013
149300 195.308
149400 195.72
149500 195.83
149600 196.18
149700 196.248
149800 196.392
149900 196.335
150000 196.739
150100 196.94
150200 197.115
150300 197.371
150400 197.46
150500 197.176
150600 197.726
150700 197.916
150800 198.016
150900 198.377
151000 198.666
151100 199.087
151200 199.139
151300 199.249
151400 199.265
151500 199.437
151600 199.534
151700 200.056
151800 200.325
151900 200.477
152000 200.873
152100 201
152200 201.381
152300 201.518
152400 201.855
152500 201.855
152600 202.061
152700 202.265
152800 202.497
152900 202.658
153000 202.737
153100 202.989
153200 203.109
153300 203.369
153400 203.54
153500 203.61
153600 203.792
153700 203.984
153800 204.262
153900 204.464
154000 204.97
154100 205.112
154200 205.319
154300 205.433
154400 205.394
154500 205.637
154600 205.521
154700 205.622
154800 205.743
154900 205.891
155000 206.307
155100 206.391
155200 206.689
155300 207.048
155400 207.254
155500 207.471
155600 207.549
155700 208.076
155800 208.375
155900 208.331
156000 208.282
156100 208.233
156200 208.791
156300 209.151
156400 209.31
156500 209.457
156600 209.615
156700 209.653
156800 209.762
156900 209.814
157000 210.09
157100 210.334
157200 210.791
157300 211.115
157400 211.322
157500 211.648
157600 211.698
157700 211.984
157800 211.943
157900 212.086
158000 212.227
158100 212.196
158200 212.438
158300 212.307
158400 212.528
158500 212.813
158600 212.871
158700 212.982
158800 213.367
158900 213.417
159000 213.528
159100 213.642
159200 213.804
159300 213.864
159400 213.782
159500 213.943
159600 214.205
159700 214.469
159800 214.671
159900 214.625
160000 215.032
160100 215.143
160200 215.347
160300 215.714
160400 216.101
160500 216.15
160600 216.326
160700 216.589
160800 216.686
160900 216.92
161000 217.258
161100 217.428
161200 217.561
161300 217.328
161400 217.582
161500 217.886
161600 217.83
161700 218.021
161800 217.999
161900 218.378
162000 218.825
162100 218.94
162200 218.852
162300 219.107
162400 219.335
162500 219.757
162600 219.824
162700 219.892
162800 220.166
162900 220.618
163000 220.812
163100 221.008
163200 220.982
163300 221.107
163400 221.344
163500 221.554
163600 221.829
163700 222.168
163800 222.543
163900 222.619
164000 223.14
164100 223.162
164200 223.43
164300 223.773
164400 224.025
164500 224.056
164600 224.371
164700 224.342
164800 224.264
164900 224.393
165000 224.611
165100 224.653
165200 224.767
165300 225.161
165400 225.656
165500 225.996
165600 225.959
165700 226.025
165800 226.295
165900 226.344
166000 226.766
166100 226.818
166200 226.999
166300 227.269
166400 227.183
166500 227.111
166600 227.056
166700 227.077
166800 227.301
166900 227.125
167000 227.361
167100 227.576
167200 227.827
167300 227.94
167400 228.088
167500 228.106
167600 228.355
167700 228.434
167800 228.597
167900 228.995
168000 229.295
168100 229.209
168200 229.325
168300 229.526
168400 229.86
168500 230.234
168600 230.334
168700 230.46
168800 230.237
168900 230.343
169000 230.509
169100 230.734
169200 230.725
169300 231.1
169400 231.234
169500 231.464
169600 231.61
169700 231.932
169800 232.131
169900 232.632
170000 232.681
170100 232.894
170200 232.766
170300 233.179
170400 233.157
170500 233.524
170600 233.514
170700 233.943
170800 234.367
170900 234.591
171000 234.848
171100 234.815
171200 235.285
171300 235.778
171400 235.736
171500 235.782
171600 236.06
171700 236.074
171800 236.359
171900 236.738
172000 237.087
172100 237.279
172200 237.328
172300 237.603
172400 237.676
172500 238.078
172600 238.445
172700 238.757
172800 239.068
172900 239.113
173000 238.939
173100 239.098
173200 239.577
173300 240.024
173400 240.378
173500 240.593
173600 240.579
173700 240.783
173800 241.234
173900 241.436
174000 241.699
174100 241.813
174200 241.936
174300 242.225
174400 242.346
174500 242.645
174600 242.751
174700 242.781
174800 242.925
174900 243.352
175000 243.545
175100 243.681
175200 243.948
175300 244.199
175400 244.41
175500 244.839
175600 244.871
175700 245.017
175800 245.111
175900 245.286
176000 245.408
176100 245.408
176200 245.069
176300 245.186
176400 245.348
176500 245.492
176600 245.751
176700 246.011
176800 246.231
176900 246.592
177000 246.451
177100 246.573
177200 246.956
177300 247.174
177400 247.299
177500 247.499
177600 247.619
177700 247.54
177800 247.987
177900 247.911
178000 248.247
178100 248.681
178200 249.007
178300 249.321
178400 249.46
178500 249.816
178600 250.285
178700 250.455
178800 250.954
178900 251.021
179000 251.191
179100 251.251
179200 251.238
179300 251.297
179400 251.537
179500 251.666
179600 251.769
179700 252.018
179800 251.937
179900 252.058
180000 252.028
180100 251.992
180200 252.108
180300 252.366
180400 252.546
180500 252.908
180600 253.253
180700 253.475
180800 253.693
180900 253.682
181000 253.802
181100 253.882
181200 254.009
181300 253.856
181400 254.177
181500 254.382
181600 254.736
181700 255.316
181800 255.404
181900 255.833
182000 256.366
182100 256.713
182200 256.887
182300 257.18
182400 257.207
182500 257.182
182600 257.481
182700 257.898
182800 258.233
182900 258.402
183000 258.838
183100 258.968
183200 259.276
183300 259.423
183400 259.637
183500 259.501
183600 259.716
183700 259.917
183800 260.263
183900 260.194
184000 260.571
184100 260.465
184200 260.375
184300 260.494
184400 260.546
184500 260.749
184600 261.187
184700 261.497
184800 261.468
184900 261.57
185000 261.619
185100 261.702
185200 262.254
185300 262.398
185400 262.745
185500 262.621
185600 262.675
185700 262.952
185800 263.031
185900 263.365
186000 263.305
186100 263.503
186200 263.653
186300 264.197
186400 264.4
186500 264.864
186600 265.026
186700 265.284
186800 265.977
186900 266.272
187000 266.434
187100 266.292
187200 266.348
187300 266.566
187400 266.735
187500 267.153
187600 267.147
187700 267.186
187800 267.435
187900 267.317
188000 267.652
188100 267.724
188200 268.074
188300 268.157
188400 268.15
188500 268.532
188600 268.805
188700 269.229
188800 269.684
188900 269.748
189000 270.217
189100 270.25
189200 270.369
189300 270.802
189400 270.869
189500 270.93
189600 271.036
189700 271.239
189800 271.36
189900 271.419
190000 271.588
190100 271.619
190200 271.815
190300 272.172
190400 272.517
190500 272.523
190600 272.643
190700 272.983
190800 273.308
190900 273.442
191000 273.957
191100 274.29
191200 274.501
191300 274.65
191400 274.688
191500 274.853
191600 274.827
191700 275.005
191800 275.219
191900 275.227
192000 275.263
192100 275.467
192200 275.939
192300 276.217
192400 276.484
192500 277.053
192600 277.73
192700 278.078
192800 278.312
192900 278.745
193000 278.502
193100 278.615
193200 279.139
193300 279.83
193400 279.908
193500 280.242
193600 280.294
193700 280.235
193800 280.335
193900 280.488
194000 280.779
194100 280.86
194200 281.057
194300 281.515
194400 281.923
194500 282.138
194600 282.39
194700 282.232
194800 282.585
194900 283.128
195000 283.09
195100 283.189
195200 283.196
195300 283.158
195400 283.436
195500 283.492
195600 283.207
195700 283.173
195800 283.494
195900 283.655
196000 283.847
196100 283.842
196200 284.222
196300 284.36
196400 284.223
196500 284.635
196600 285.204
196700 285.594
196800 286.09
196900 286.38
197000 286.892
197100 287.226
197200 287.364
197300 287.514
197400 287.786
197500 287.784
197600 287.657
197700 287.911
197800 288.2
197900 287.989
198000 288.206
198100 288.276
198200 287.906
198300 288.112
198400 288.141
198500 288.377
198600 288.515
198700 288.874
198800 289.025
198900 289.036
199000 288.992
199100 289.156
199200 289.417
199300 289.58
199400 289.642
199500 289.393
199600 289.546
199700 289.969
199800 290.074
199900 290.247
200000 290.545
200100 290.693
200200 291.142
200300 291.265
200400 291.229
200500 291.241
200600 291.615
200700 291.926
200800 292.123
200900 292.545
201000 292.959
201100 292.836
201200 293.022
201300 293.065
201400 293.416
201500 293.629
201600 293.987
201700 294.221
201800 294.09
201900 294.341
202000 294.569
202100 294.574
202200 294.824
202300 294.964
202400 295.077
202500 294.979
202600 295.372
202700 295.614
202800 295.277
202900 295.747
203000 296.248
203100 296.393
203200 296.642
203300 296.731
203400 297.086
203500 297.21
203600 297.089
203700 297.291
203800 297.359
203900 297.621
204000 297.944
204100 298.56
204200 299.017
204300 299.347
204400 299.573
204500 299.878
204600 300.037
204700 300.042
204800 300
204900 299.8
205000 299.844
205100 300.005
205200 300.4
205300 300.614
205400 300.689
205500 300.786
205600 300.987
205700 301.377
205800 301.775
205900 302.109
206000 302.337
206100 302.401
206200 302.827
206300 302.918
206400 303.099
206500 303.192
206600 303.291
206700 303.734
206800 303.812
206900 304.184
207000 303.905
207100 304.086
207200 304.475
207300 304.4
207400 304.317
207500 304.474
207600 304.553
207700 304.93
207800 304.987
207900 304.789
208000 305.1
208100 305.469
208200 305.797
208300 305.68
208400 305.568
208500 305.569
208600 305.745
208700 305.642
208800 306.075
208900 306.347
209000 306.469
209100 306.89
209200 307.303
209300 307.413
209400 307.209
209500 307.367
209600 307.537
209700 307.686
209800 307.859
209900 308.016
210000 308.046
210100 308.181
210200 308.293
210300 308.5
210400 308.465
210500 308.316
210600 308.353
210700 308.739
210800 309.122
210900 309.333
211000 309.468
211100 309.595
211200 309.882
211300 309.932
211400 310.063
211500 310.278
211600 310.874
211700 311.188
211800 311.11
211900 311.28
212000 311.522
212100 311.916
212200 312.202
212300 312.284
212400 312.537
212500 312.509
212600 312.927
212700 313.473
212800 313.755
212900 313.85
213000 314.243
213100 314.62
213200 314.439
213300 314.38
213400 314.145
213500 314.135
213600 314.362
213700 314.572
213800 314.552
213900 314.678
214000 314.847
214100 315.068
214200 314.869
214300 315.136
214400 315.361
214500 315.259
214600 315.472
214700 315.597
214800 315.562
214900 315.652
215000 315.757
215100 315.996
215200 316.087
215300 316.633
215400 316.957
215500 317.252
215600 317.718
215700 317.781
215800 317.795
215900 317.716
216000 317.732
216100 317.852
216200 317.717
216300 317.836
216400 318.25
216500 318.254
216600 317.749
216700 317.517
216800 317.627
216900 317.807
217000 317.884
217100 317.809
217200 318.115
217300 318.613
217400 319.157
217500 319.326
217600 319.734
217700 319.824
217800 319.83
217900 319.927
218000 320.19
218100 320.228
218200 320.237
218300 320.602
218400 321.026
218500 321.404
218600 321.228
218700 321.321
218800 321.593
218900 322.053
219000 322.471
219100 322.632
219200 322.763
219300 323.083
219400 323.408
219500 323.539
219600 323.956
219700 324.149
219800 324.443
219900 324.549
220000 324.793
220100 324.975
220200 324.912
220300 324.978
220400 325.261
220500 325.881
220600 326.316
220700 326.732
220800 326.7
220900 327.18
221000 327.546
221100 327.702
221200 327.958
221300 328.041
221400 327.839
221500 328.145
221600 328.617
221700 328.823
221800 329.139
221900 329.017
222000 328.926
222100 328.897
222200 328.853
222300 329.001
222400 329.283
222500 329.385
222600 329.411
222700 329.78
222800 330.137
222900 330.984
223000 331.264
223100 331.699
223200 332.084
223300 332.939
223400 332.858
223500 333.081
223600 333.263
223700 333.386
223800 333.236
223900 333.653
224000 334.01
224100 334.391
224200 334.589
224300 334.55
224400 334.599
224500 335.093
224600 335.176
224700 335.274
224800 335.226
224900 335.434
225000 335.893
225100 335.828
225200 336.091
225300 336.312
225400 336.786
225500 336.938
225600 337.177
225700 337.166
225800 337.552
225900 337.504
226000 337.843
226100 337.869
226200 337.63
226300 337.854
226400 338.284
226500 338.485
226600 338.86
226700 339.261
226800 339.662
226900 339.654
227000 339.685
227100 340.046
227200 340.153
227300 340.318
227400 340.425
227500 340.489
227600 340.878
227700 341.187
227800 340.973
227900 341.003
228000 341.362
228100 341.893
228200 341.73
228300 341.914
228400 342.172
228500 342.366
228600 342.58
228700 342.425
228800 342.953
228900 343.313
229000 343.76
229100 343.727
229200 343.569
229300 343.686
229400 343.97
229500 344.448
229600 344.918
229700 344.857
229800 345.267
229900 345.756
230000 345.624
230100 345.908
230200 346.345
230300 347.034
230400 347.208
230500 347.312
230600 347.575
230700 347.657
230800 348.209
230900 348.949
231000 349.307
231100 349.776
231200 349.996
231300 350.168
231400 350.073
231500 349.954
231600 350.461
231700 350.506
231800 350.6
231900 350.604
232000 350.772
232100 351.14
232200 351.185
232300 351.446
232400 351.871
232500 352.308
232600 352.401
232700 352.769
232800 353.268
232900 353.269
233000 353.555
233100 354.081
233200 354.058
233300 354.042
233400 354.155
233500 354.552
233600 354.663
233700 355.366
233800 355.817
233900 356.228
234000 356.41
234100 356.317
234200 356.751
234300 356.991
234400 357.033
234500 357.442
234600 357.501
234700 357.743
234800 357.798
234900 358.015
235000 358.305
235100 358.315
235200 358.268
235300 358.593
235400 358.956
235500 359.664
235600 359.913
235700 360.136
235800 360.165
235900 360.035
236000 360.248
236100 360.7
236200 360.637
236300 360.271
236400 360.397
236500 360.858
236600 361.185
236700 360.995
236800 360.994
236900 361.273
237000 361.137
237100 361.344
237200 361.417
237300 361.624
237400 361.817
237500 361.856
237600 362.182
237700 362.398
237800 363.173
237900 363.406
238000 363.654
238100 363.83
238200 364.042
238300 364.555
238400 365.07
238500 364.915
238600 365.108
238700 365.226
238800 365.133
238900 365.409
239000 365.539
239100 365.61
239200 365.737
239300 366.377
239400 367.019
239500 367.378
239600 367.206
239700 367.349
239800 367.267
239900 367.131
240000 366.92
240100 367.047
240200 367.313
240300 367.661
240400 367.734
240500 368.005
240600 368.159
240700 368.025
240800 368.46
240900 368.533
241000 368.645
241100 368.37
241200 368.495
241300 369.213
241400 369.354
241500 369.311
241600 369.566
241700 369.697
241800 369.935
241900 370.331
242000 370.614
242100 370.55
242200 370.592
242300 370.96
242400 371.118
242500 371.1
242600 370.797
242700 370.773
242800 371.064
242900 371.321
243000 371.408
243100 371.558
243200 371.766
243300 372.049
243400 372.148
243500 372.329
243600 373.065
243700 373.257
243800 373.807
243900 374.067
244000 374.517
244100 374.775
244200 374.564
244300 374.634
244400 374.595
244500 374.773
244600 374.658
244700 374.485
244800 374.415
244900 374.716
245000 374.894
245100 375.688
245200 375.935
245300 375.85
245400 376.021
245500 376.089
245600 376.151
245700 376.528
245800 376.523
245900 376.691
246000 376.659
246100 376.594
246200 376.805
246300 377.036
246400 376.953
246500 377
246600 377
246700 377.182
246800 377.283
246900 377.552
247000 377.152
247100 377.273
247200 377.055
247300 377.276
247400 377.551
247500 377.694
247600 377.668
247700 377.821
247800 377.713
247900 377.788
248000 377.799
248100 377.946
248200 377.862
248300 378.041
248400 378.459
248500 378.494
248600 378.421
248700 378.627
248800 378.799
248900 379.185
249000 379.294
249100 379.219
249200 379.765
249300 380.074
249400 380.3
249500 380.475
249600 380.4
249700 380.8
249800 380.989
249900 380.947
250000 381.015
